4.5797e-05	6.272	1.7873e-08	0.143
3.4568e-05	91.394	3.5691e-08	0.724
2.8774e-06	16.384	2.0687e-08	1.28
3.6439e-06	44.288	2.463e-08	1.864
1.5e-07	0.62	-999.0	-999.0
7.5911e-06	6.4	3.0751e-08	0.389
6.9511e-06	61.441	4.1527e-08	2.111
1.4939e-05	109.826	4.3425e-08	0.81
4.9571e-06	13.374	4.4406e-08	0.602
6.3164e-06	105.472	4.1782e-08	2.757
3.6396e-06	117.955	7.4646e-08	3.84
4.2677e-05	19.456	2.0769e-08	0.362
1.1132e-07	0.128	1.5417e-08	0.181
7.9577e-07	1.408	6.0683e-08	0.802
2.5116e-06	6.848	2.7225e-08	0.668
5.2992e-05	165.635	5.8764e-08	1.28
9.5267e-06	13.312	2.3765e-08	0.362
5.9128e-06	16.384	3.6524e-08	1.557
1.1089e-05	123.906	5.8169e-08	2.29
2e-06	30.86	-999.0	-999.0
1.2591e-05	32.001	2.8108e-08	0.81
7.7004e-05	88.577	4.9681e-08	0.923
1.5612e-05	271.108	7.9476e-08	2.611
0.00010017	3.968	4.2308e-08	0.091
3.0957e-06	1.92	1.7745e-08	0.326
1.0032e-05	36.126	3.2157e-08	0.586
2.1e-05	160.67	-999.0	-999.0
1.9499e-06	1.408	4.2765e-08	1.154
1.696e-05	94.978	1.3521e-07	3.557
6.5656e-06	82.176	4.7327e-08	4.128
4.9914e-06	37.633	4.8235e-08	2.828
4.6524e-07	5.376	2.7906e-08	2.919
4.9464e-05	47.105	3.0197e-08	0.362
0.00055189	54.017	1.1126e-07	0.362
5.9323e-05	16.128	7.8989e-08	0.572
1.4e-06	7.47	-999.0	-999.0
7.4027e-06	5.76	5.0124e-08	0.572
2.3e-06	0.67	-999.0	-999.0
3.4e-06	34.08	-999.0	-999.0
8.1665e-08	0.048	1.471e-08	2.416
3.6981e-06	9.981	1.7908e-08	0.64
0.00027987	3.264	2.5309e-07	0.091
9.1265e-06	18.88	2.0254e-08	1.619
1.3e-06	38.05	-999.0	-999.0
0.0031475	34.561	2.5734e-07	0.572
1.6e-07	2.3	-999.0	-999.0
7.1478e-05	216.068	3.5737e-08	0.572
8.12e-07	41.0	-999.0	-999.0
1.1402e-06	4.864	1.5827e-08	2.828
5.1e-07	8.98	-999.0	-999.0
0.038836	325.831	5.502e-05	6.785
4.5358e-05	136.706	5.298e-08	1.28
6.7e-07	57.0	-999.0	-999.0
5.1774e-05	10.496	3.2562e-08	0.362
9.1851e-07	13.568	2.856e-08	3.899
1.555e-07	0.448	2.8082e-08	0.466
1.6e-06	49.81	-999.0	-999.0
1.8004e-05	33.025	6.9602e-08	0.572
6.0375e-05	128.259	1.7738e-07	15.792
8e-06	83.79	-999.0	-999.0
0.00050118	34.305	4.4073e-07	0.572
1.9e-07	3.73	-999.0	-999.0
6.8e-06	603.5	-999.0	-999.0
1.7e-07	1.3	-999.0	-999.0
9.3256e-05	79.874	1.1785e-07	0.572
0.00015335	123.906	2.6117e-08	0.362
8.8e-08	0.16	-999.0	-999.0
1.2052e-05	19.712	6.0616e-08	1.145
2e-05	180.8	-999.0	-999.0
3.0532e-06	25.857	6.3118e-08	5.278
4.5e-08	0.39	-999.0	-999.0
4.3665e-06	61.953	6.382e-08	11.337
4.0022e-05	4.672	7.1147e-08	0.181
0.00030248	54.785	1.2325e-07	0.572
0.00011042	55.041	5.4766e-08	0.724
1.2845e-06	8.192	4.1164e-08	2.064
7.309e-07	11.008	3.3653e-08	5.184
1.5e-07	3.06	-999.0	-999.0
2.3152e-07	1.344	1.4045e-08	0.792
2.7e-06	135.06	-999.0	-999.0
1.5e-06	158.8	-999.0	-999.0
1.2e-06	12.8	-999.0	-999.0
1.0922e-06	0.96	3.0109e-08	0.781
6.7e-07	8.21	-999.0	-999.0
3.4e-07	12.82	-999.0	-999.0
9.8e-07	6.6	-999.0	-999.0
7.5698e-05	206.852	1.1977e-07	2.29
2.33e-05	107.6	-999.0	-999.0
1.9137e-05	31.745	5.5597e-08	0.572
6.3567e-07	0.144	2.3558e-08	0.066
1.8e-06	44.5	-999.0	-999.0
0.00013632	29.953	7.8642e-08	0.572
2.4556e-06	40.448	5.5618e-08	4.048
1.8e-06	8.66	-999.0	-999.0
8.1e-07	5.0	-999.0	-999.0
1.6782e-06	35.328	4.2702e-08	2.202
3.4131e-05	15.872	6.2829e-08	0.362
1.5622e-06	21.504	2.4465e-08	3.114
2e-07	9.78	-999.0	-999.0
3.1e-07	36.2	-999.0	-999.0
0.00021351	6.912	1.047e-07	0.362
4.2645e-06	1.136	2.245e-08	0.132
1.8648e-06	30.464	4.3989e-08	2.919
4.8873e-05	478.026	2.2787e-07	3.168
1.3964e-05	37.761	9.1271e-08	6.209
1.9e-05	48.0	-999.0	-999.0
1e-05	64.35	-999.0	-999.0
8.5225e-07	25.088	4.5496e-08	4.352
2.5e-06	37.7	-999.0	-999.0
1.5434e-05	59.393	3.5385e-08	0.572
7.1179e-06	175.62	7.0195e-08	3.083
9.9e-08	1.6	-999.0	-999.0
1.638e-05	26.881	2.0296e-07	9.941
0.00044325	116.354	4.9926e-07	2.563
8e-07	66.6	-999.0	-999.0
6e-06	76.8	-999.0	-999.0
1.5e-06	15.31	-999.0	-999.0
9.9e-06	138.4	-999.0	-999.0
2.8074e-05	15.104	3.4394e-08	0.572
7.7576e-07	9.728	7.3545e-08	2.187
1.4e-06	64.0	-999.0	-999.0
5.5911e-05	6.4	3.4463e-08	0.362
0.00029853	48.897	9.0258e-08	0.362
1.6251e-05	20.736	4.2888e-08	1.557
5.8e-06	486.4	-999.0	-999.0
9.1061e-06	46.721	9.341e-08	1.332
2.1e-06	134.3	-999.0	-999.0
1.3e-06	35.2	-999.0	-999.0
3.3e-06	210.0	-999.0	-999.0
6.5e-06	94.1	-999.0	-999.0
1.3308e-05	22.016	3.5807e-08	0.572
2.0606e-06	15.36	9.8514e-08	1.448
7.6e-07	40.9	-999.0	-999.0
3.187e-06	80.384	3.7723e-08	4.615
3.6e-06	189.4	-999.0	-999.0
1.2e-06	41.9	-999.0	-999.0
0.00063279	107.266	9.8525e-08	0.81
3.4577e-06	25.6	2.8792e-08	1.493
2.7914e-07	2.048	1.7403e-08	0.466
1.3382e-05	22.781	6.3103e-08	1.377
9.4084e-06	20.928	5.8779e-08	2.096
5.1e-06	26.7	-999.0	-999.0
2e-06	164.13	-999.0	-999.0
1.1e-06	216.4	-999.0	-999.0
2.8e-07	0.2	-999.0	-999.0
7.3963e-05	78.593	6.6154e-08	0.572
0.00017692	122.882	1.2722e-07	0.724
3.3e-06	46.2	-999.0	-999.0
2.0371e-06	49.152	7.9106e-08	4.136
1.5e-06	6.94	-999.0	-999.0
6.5385e-06	36.096	4.3002e-08	0.724
3.1218e-05	122.178	1.0679e-07	0.659
1.1e-06	105.1	-999.0	-999.0
4.8642e-06	37.888	6.3067e-08	10.861
6.0981e-06	36.609	4.6691e-08	1.493
1.7635e-06	2.24	1.5212e-08	0.232
1.9536e-07	1.088	2.0238e-08	0.977
1.6155e-05	131.586	2.48e-07	21.723
9e-06	44.4	-999.0	-999.0
1.3146e-05	64.769	3.5169e-08	0.923
0.00064256	453.385	1.8454e-07	0.572
3.9236e-07	0.384	8.4625e-09	0.405
3.9564e-06	107.776	6.8702e-08	8.693
0.00017898	369.67	1.4957e-07	0.81
2.1e-06	304.58	-999.0	-999.0
7.8e-07	8.2	-999.0	-999.0
1.4e-06	28.0	-999.0	-999.0
2.8e-07	8.73	-999.0	-999.0
1.5e-07	5.0	-999.0	-999.0
2e-06	98.36	-999.0	-999.0
3.1e-06	316.5	-999.0	-999.0
1.2e-06	20.2	-999.0	-999.0
2.04e-05	325.0	-999.0	-999.0
6.1e-07	12.0	-999.0	-999.0
4.8186e-07	8.704	2.1459e-08	2.896
3.1e-07	17.8	-999.0	-999.0
9.4e-07	19.32	-999.0	-999.0
2.2064e-06	46.336	3.1065e-08	4.382
3.2e-07	5.0	-999.0	-999.0
3.9e-07	8.95	-999.0	-999.0
1.5e-06	80.0	-999.0	-999.0
1.4069e-05	123.394	6.0969e-08	1.145
2.8e-05	110.2	-999.0	-999.0
8e-07	164.7	-999.0	-999.0
4.8e-06	112.2	-999.0	-999.0
5.2114e-05	103.426	2.837e-07	5.753
4.1e-06	123.3	-999.0	-999.0
4.4241e-06	49.409	5.8594e-08	3.974
4.7356e-06	10.813	4.8477e-08	1.072
1.5e-06	91.0	-999.0	-999.0
6.3e-08	0.22	-999.0	-999.0
4.3e-06	263.6	-999.0	-999.0
5.4707e-05	22.272	5.5299e-08	0.81
6.1e-06	149.6	-999.0	-999.0
8.1592e-05	10.688	1.2798e-07	0.143
3.0852e-06	13.312	2.9774e-08	1.557
1.39e-05	83.2	-999.0	-999.0
5.4e-07	24.3	-999.0	-999.0
3.3498e-07	3.328	2.1667e-08	1.382
2.3809e-07	0.08	1.5091e-08	0.928
3.7317e-06	56.32	3.7233e-08	4.891
4.0682e-06	23.808	6.2784e-08	1.717
5.3386e-06	7.616	3.5071e-08	0.923
7.2e-08	0.3	-999.0	-999.0
5.3e-06	549.9	-999.0	-999.0
3.2983e-06	4.352	2.8093e-08	0.572
6.8e-06	200.0	-999.0	-999.0
3.4781e-05	31.489	8.9141e-08	2.429
1.3e-06	146.0	-999.0	-999.0
1.1787e-06	2.56	3.303e-08	0.607
6.4501e-06	35.841	6.3631e-08	5.473
1.5513e-06	37.633	4.336e-08	9.691
1.4e-07	0.3	-999.0	-999.0
5.3902e-06	77.568	1.2456e-07	2.064
3.2122e-06	4.477	3.2739e-08	0.362
1.2356e-05	7.168	4.1622e-08	0.572
2.3e-07	3.52	-999.0	-999.0
7.5662e-06	83.969	5.089e-08	2.996
2.4e-06	42.0	-999.0	-999.0
3.219e-06	111.104	4.777e-08	3.999
2.7e-08	0.13	-999.0	-999.0
6.1453e-06	45.825	6.403e-08	12.13
1.3e-06	720.0	-999.0	-999.0
7.5928e-06	22.784	4.4719e-08	2.064
1e-06	60.5	-999.0	-999.0
5.9e-07	23.4	-999.0	-999.0
2.9345e-05	147.97	8.1353e-08	2.36
1.2e-06	23.2	-999.0	-999.0
6.1432e-05	44.288	1.2084e-07	0.231
6.5933e-06	64.128	1.1836e-07	2.005
1.1e-06	173.6	-999.0	-999.0
3.4e-07	17.42	-999.0	-999.0
1.8062e-05	95.233	1.2224e-07	11.585
1.6e-05	94.7	-999.0	-999.0
6.571e-07	7.68	5.4178e-08	3.367
6.7e-07	209.0	-999.0	-999.0
2.9e-07	8.43	-999.0	-999.0
2.3e-06	71.4	-999.0	-999.0
2.4286e-06	31.232	3.1646e-08	8.719
4.4e-07	31.0	-999.0	-999.0
2.1248e-05	18.624	6.5441e-08	0.716
1.552e-05	27.264	7.4778e-08	1.243
3.2e-06	139.7	-999.0	-999.0
1.9727e-05	91.393	2.4767e-07	2.36
0.00015194	31.232	1.1938e-07	0.572
8.4e-07	18.0	-999.0	-999.0
8.1695e-07	19.968	5.258e-08	7.748
2.5e-07	11.0	-999.0	-999.0
3.5676e-05	18.176	1.3445e-07	0.572
2.3777e-05	112.642	1.1076e-07	0.462
8.2e-07	17.3	-999.0	-999.0
2.9e-05	41.1	-999.0	-999.0
8.8767e-06	77.057	6.4368e-08	2.996
5.0994e-07	1.152	1.9109e-08	0.59
6.3406e-07	6.4	2.748e-08	2.429
6.5e-06	32.5	-999.0	-999.0
5.7156e-06	58.881	1.2069e-07	6.192
4.4e-06	4.38	-999.0	-999.0
6.8023e-07	7.424	6.2593e-08	6.192
3.5444e-06	21.76	4.5972e-08	1.639
2.9e-06	276.58	-999.0	-999.0
1.4e-06	37.7	-999.0	-999.0
6.3e-07	0.18	-999.0	-999.0
9.4591e-05	48.577	1.5428e-07	0.916
9.1e-06	204.0	-999.0	-999.0
2.2e-07	5.43	-999.0	-999.0
2.1e-05	88.0	-999.0	-999.0
1.5e-06	27.0	-999.0	-999.0
0.002462	138.242	1.238e-06	3.238
1.1593e-05	104.962	2.4326e-07	8.809
2.3e-06	28.0	-999.0	-999.0
1.8583e-05	143.746	3.2686e-07	13.029
6.4e-07	25.1	-999.0	-999.0
3.4e-07	4.3	-999.0	-999.0
6.7667e-06	828.672	6.5604e-08	11.363
6.4144e-07	5.632	3.9522e-08	1.717
2.9e-06	42.7	-999.0	-999.0
7.8e-07	85.0	-999.0	-999.0
9.2979e-06	17.344	1.1379e-07	0.923
2.1978e-05	102.338	7.8803e-07	31.849
1.454e-05	242.436	1.3755e-07	4.404
2e-06	62.6	-999.0	-999.0
1.1e-06	69.0	-999.0	-999.0
3.9843e-06	65.793	3.626e-08	4.382
3.2e-07	27.2	-999.0	-999.0
8.208e-06	182.275	1.6867e-07	19.777
9.848e-06	112.066	1.5373e-07	10.419
8.0914e-07	5.76	4.0838e-08	1.778
4.9e-07	9.7	-999.0	-999.0
3.4466e-06	14.336	2.1134e-07	6.557
8.2e-07	48.0	-999.0	-999.0
1.9e-06	50.0	-999.0	-999.0
5.0787e-06	25.472	5.2985e-08	2.612
6.8e-07	72.8	-999.0	-999.0
1.2e-06	42.4	-999.0	-999.0
1.2651e-05	226.048	3.2161e-08	1.056
1.2e-06	159.0	-999.0	-999.0
4.4305e-06	22.528	4.5111e-08	5.431
0.00019428	44.033	2.2751e-07	0.724
9.355e-05	40.96	7.0713e-07	4.238
0.00019164	271.364	1.9778e-07	4.58
1.1e-06	26.7	-999.0	-999.0
2.3e-07	5.35	-999.0	-999.0
1.6e-06	38.7	-999.0	-999.0
3.6e-06	62.9	-999.0	-999.0
3.2583e-06	11.776	4.8406e-08	1.81
2.5347e-06	80.384	5.5075e-08	16.927
2.4e-07	8.13	-999.0	-999.0
8.1e-07	61.7	-999.0	-999.0
3.8673e-05	55.297	1.3587e-07	6.229
2.6631e-06	37.825	4.668e-08	12.586
3.4e-07	25.4	-999.0	-999.0
1.8138e-05	99.842	5.7948e-08	2.111
1.3e-06	106.8	-999.0	-999.0
1.8e-07	7.6	-999.0	-999.0
7.3e-06	290.0	-999.0	-999.0
5.6389e-07	0.432	1.2828e-08	0.082
9.073e-07	12.032	3.4762e-08	0.923
5.3e-06	63.46	-999.0	-999.0
6.2e-07	26.0	-999.0	-999.0
5.1538e-06	67.073	3.3148e-08	3.916
3.3e-07	48.0	-999.0	-999.0
4.7e-06	385.0	-999.0	-999.0
2.2892e-05	7.485	5.7035e-08	0.572
2.2e-07	5.2	-999.0	-999.0
3.7042e-05	21.822	3.8458e-08	0.572
1.18e-05	13.0	-999.0	-999.0
1e-05	10.0	-999.0	-999.0
4.1e-05	25.9	-999.0	-999.0
9.3723e-06	34.305	5.1569e-08	1.639
1.7e-05	257.0	-999.0	-999.0
1.425e-06	12.16	1.0394e-07	4.971
4.1105e-06	35.521	5.6192e-08	3.612
3e-07	4.3	-999.0	-999.0
1.9e-06	1088.0	-999.0	-999.0
3.989e-06	51.009	4.8933e-08	1.775
4.6e-07	0.6	-999.0	-999.0
7.4027e-06	45.057	1.0471e-07	1.95
2.3285e-05	110.594	5.7924e-08	2.828
1.7e-07	3.4	-999.0	-999.0
3.2e-06	428.8	-999.0	-999.0
2.1e-06	439.0	-999.0	-999.0
3.6504e-06	2.045	5.3147e-08	0.229
1.4938e-05	150.53	9.4719e-08	1.619
3.3388e-06	10.24	6.4695e-08	1.846
0.00012788	165.378	5.7601e-07	2.896
1.6e-07	1.4	-999.0	-999.0
8.3883e-06	171.523	5.8907e-08	2.673
2.5e-08	0.036	-999.0	-999.0
5.6346e-07	0.24	2.4515e-08	0.276
2.1e-05	63.6	-999.0	-999.0
8.7234e-06	37.377	8.1997e-08	0.979
1.4e-06	84.0	-999.0	-999.0
7e-07	52.0	-999.0	-999.0
4.7e-07	37.0	-999.0	-999.0
1.5e-06	104.0	-999.0	-999.0
3.4e-07	7.0	-999.0	-999.0
8.8469e-05	26.497	1.864e-07	2.073
8.9809e-06	184.067	9.3272e-08	7.786
2e-07	3.8	-999.0	-999.0
8.2e-07	7.0	-999.0	-999.0
3.1e-07	17.9	-999.0	-999.0
3.7e-07	18.8	-999.0	-999.0
3.8763e-07	0.192	1.4576e-08	0.143
7.5657e-07	0.176	1.054e-08	0.072
4e-07	26.0	-999.0	-999.0
4.2261e-07	0.256	6.9345e-08	0.834
6.1939e-06	12.48	1.904e-07	5.018
2.0729e-05	8.701	3.7006e-08	0.571
1.6e-06	48.0	-999.0	-999.0
2.4e-06	39.2	-999.0	-999.0
8.561e-06	93.954	6.0053e-08	5.221
8.3474e-06	24.256	1.5013e-07	7.973
1.4e-06	4.4	-999.0	-999.0
2.3315e-05	20.224	7.7664e-08	0.362
3.0258e-07	0.512	1.8341e-08	0.231
1.0534e-05	64.001	2.7681e-08	1.557
0.00014657	13.76	3.4076e-07	0.286
0.00022179	19.328	3.1732e-07	0.286
1.3e-06	80.0	-999.0	-999.0
5.8e-06	66.7	-999.0	-999.0
3.4e-07	5.4	-999.0	-999.0
8.6e-07	67.0	-999.0	-999.0
5.7e-06	266.0	-999.0	-999.0
2.57e-05	89.0	-999.0	-999.0
0.00026845	112.386	4.2894e-07	1.086
1.1e-06	48.0	-999.0	-999.0
5.7264e-06	74.177	6.1164e-08	5.177
1.6267e-05	123.138	7.9118e-08	2.064
3.3732e-06	0.96	4.0576e-08	0.138
3.1e-07	5.5	-999.0	-999.0
1.8e-07	1.2	-999.0	-999.0
4.6323e-05	14.144	3.8592e-08	0.264
8.164e-07	7.168	7.15e-08	2.415
4.6e-06	56.0	-999.0	-999.0
1.9e-08	0.072	-999.0	-999.0
1.1e-06	310.0	-999.0	-999.0
4.2022e-05	61.697	6.5336e-08	1.81
0.00010833	133.89	4.1606e-08	0.572
1.4e-06	79.0	-999.0	-999.0
1.9e-07	8.8	-999.0	-999.0
3e-05	83.0	-999.0	-999.0
1.5738e-06	17.408	4.83e-08	3.238
2.7909e-05	26.624	6.1005e-08	0.81
8.9e-08	3.0	-999.0	-999.0
1.1887e-05	18.88	9.5653e-08	2.318
3.0037e-05	29.697	8.6881e-08	0.41
1.8e-06	146.0	-999.0	-999.0
7.7e-06	294.0	-999.0	-999.0
1.5272e-05	41.985	2.1998e-07	8.51
1.2e-06	67.0	-999.0	-999.0
6.5456e-06	58.369	5.8667e-08	5.221
2.1e-06	270.0	-999.0	-999.0
3.7e-06	260.0	-999.0	-999.0
4.1957e-06	126.722	5.3506e-08	2.36
7.1e-07	10.0	-999.0	-999.0
1.165e-06	14.336	3.7608e-08	4.007
7.8107e-06	46.337	8.1758e-08	7.173
5.6e-07	8.0	-999.0	-999.0
3.5e-06	147.0	-999.0	-999.0
2.9093e-06	105.984	3.6346e-08	6.802
8.5046e-07	0.96	4.6217e-08	0.345
9.4398e-06	75.201	4.8957e-08	3.638
2.5e-06	78.0	-999.0	-999.0
9.1294e-06	24.704	1.0589e-07	1.46
1.2e-05	16.2	-999.0	-999.0
1.4e-06	120.0	-999.0	-999.0
5.2e-07	27.1	-999.0	-999.0
2.4e-05	79.0	-999.0	-999.0
1.33e-05	20.0	-999.0	-999.0
8e-07	82.0	-999.0	-999.0
2.4e-06	60.0	-999.0	-999.0
3.2e-06	74.0	-999.0	-999.0
5.5e-08	2.8	-999.0	-999.0
5.6e-07	64.6	-999.0	-999.0
2.6e-07	5.8	-999.0	-999.0
1.2e-06	16.2	-999.0	-999.0
3.2e-06	8.0	-999.0	-999.0
3.5e-06	46.0	-999.0	-999.0
2.64e-05	56.0	-999.0	-999.0
3.4e-07	61.0	-999.0	-999.0
4.9e-06	128.4	-999.0	-999.0
3.6e-06	34.0	-999.0	-999.0
4.8e-06	64.0	-999.0	-999.0
2.3e-06	365.0	-999.0	-999.0
1.8e-06	45.0	-999.0	-999.0
6.1e-06	340.0	-999.0	-999.0
8.9e-07	48.0	-999.0	-999.0
3e-08	0.7	-999.0	-999.0
2.2e-07	1.8	-999.0	-999.0
5.8e-07	68.7	-999.0	-999.0
2.4e-06	6.6	-999.0	-999.0
3e-06	15.0	-999.0	-999.0
9e-07	180.0	-999.0	-999.0
2.5e-07	55.0	-999.0	-999.0
6.5e-06	109.0	-999.0	-999.0
1.3e-06	225.0	-999.0	-999.0
2.3e-06	4.2	-999.0	-999.0
2e-07	6.0	-999.0	-999.0
8.3e-06	150.0	-999.0	-999.0
6.9e-07	11.0	-999.0	-999.0
2.8e-07	16.4	-999.0	-999.0
3e-08	0.4	-999.0	-999.0
3.6e-06	340.0	-999.0	-999.0
7.2e-07	64.0	-999.0	-999.0
1.06e-05	368.8	-999.0	-999.0
3.91e-07	12.2	-999.0	-999.0
2.57e-06	109.2	-999.0	-999.0
8.01e-06	37.9	-999.0	-999.0
1.96e-05	20.9	-999.0	-999.0
2.1e-07	4.3	-999.0	-999.0
6.3e-08	0.47	-999.0	-999.0
7.36e-06	236.4	-999.0	-999.0
5.58e-07	115.6	-999.0	-999.0
2.7e-06	121.5	-999.0	-999.0
9.06e-06	75.3	-999.0	-999.0
2.48e-06	74.6	-999.0	-999.0
5.38e-06	209.5	-999.0	-999.0
3.05e-07	34.5	-999.0	-999.0
1.7e-06	88.5	-999.0	-999.0
4.45e-07	47.7	-999.0	-999.0
2.98e-06	460.6	-999.0	-999.0
1.62e-06	88.4	-999.0	-999.0
3.38e-07	18.6	-999.0	-999.0
2.24e-06	40.0	-999.0	-999.0
7.99e-06	71.4	-999.0	-999.0
4.2e-08	0.21	-999.0	-999.0
1.11e-06	85.3	-999.0	-999.0
3.42e-06	91.2	-999.0	-999.0
3.34e-07	0.76	-999.0	-999.0
6.77e-06	70.8	-999.0	-999.0
1.37e-05	81.3	-999.0	-999.0
1.33e-06	134.0	-999.0	-999.0
1.06e-06	40.7	-999.0	-999.0
2.96e-06	46.2	-999.0	-999.0
4.44e-05	75.3	-999.0	-999.0
1.42e-06	129.9	-999.0	-999.0
1.13e-06	22.5	-999.0	-999.0
2.19e-07	8.0	-999.0	-999.0
4.8e-07	8.6	-999.0	-999.0
1.35e-06	5.0	-999.0	-999.0
2.8e-06	19.3	-999.0	-999.0
2.21e-06	43.5	-999.0	-999.0
1.62e-06	171.5	-999.0	-999.0
1.46e-05	145.3	-999.0	-999.0
7.2e-08	5.3	-999.0	-999.0
8e-08	0.49	-999.0	-999.0
2.61e-06	115.3	-999.0	-999.0
1.5e-06	66.9	-999.0	-999.0
2.83e-06	115.0	-999.0	-999.0
4.94e-07	10.2	-999.0	-999.0
1.6e-06	66.2	-999.0	-999.0
2.04e-05	108.7	-999.0	-999.0
2.55e-06	102.2	-999.0	-999.0
6.97e-07	79.1	-999.0	-999.0
4.02e-07	95.0	-999.0	-999.0
1.61e-06	75.0	-999.0	-999.0
1.26e-06	298.2	-999.0	-999.0
1.14e-06	71.1	-999.0	-999.0
2.32e-07	8.5	-999.0	-999.0
4.07e-06	275.2	-999.0	-999.0
9.44e-07	4.0	-999.0	-999.0
4e-08	0.131	-999.0	-999.0
2.31e-06	28.4	-999.0	-999.0
8.33e-06	103.1	-999.0	-999.0
2.64e-07	10.6	-999.0	-999.0
2.13e-06	61.2	-999.0	-999.0
6.73e-07	11.3	-999.0	-999.0
1.57e-06	2100.0	-999.0	-999.0
7.66e-06	255.0	-999.0	-999.0
8.31e-07	7.6	-999.0	-999.0
2.95e-06	139.4	-999.0	-999.0
2.13e-06	198.9	-999.0	-999.0
4.61e-07	750.0	-999.0	-999.0
3e-07	900.0	-999.0	-999.0
2.41e-06	105.9	-999.0	-999.0
1.71e-06	139.6	-999.0	-999.0
1.2e-06	13.2	-999.0	-999.0
3.69e-07	14.3	-999.0	-999.0
1.15e-06	1.4	-999.0	-999.0
1.77e-07	9.0	-999.0	-999.0
4.08e-06	46.1	-999.0	-999.0
2.56e-07	14.3	-999.0	-999.0
2.2e-06	37.2	-999.0	-999.0
1.7e-07	4.0	-999.0	-999.0
1.34e-06	34.8	-999.0	-999.0
1.74e-06	189.1	-999.0	-999.0
1.62e-06	4.5	-999.0	-999.0
8.5e-07	52.0	-999.0	-999.0
4.83e-07	19.4	-999.0	-999.0
4.83e-06	174.2	-999.0	-999.0
4.13e-07	35.5	-999.0	-999.0
2.66e-07	22.6	-999.0	-999.0
3.44e-06	26.0	-999.0	-999.0
3.5e-07	37.7	-999.0	-999.0
2.01e-06	150.9	-999.0	-999.0
4.4e-08	0.45	-999.0	-999.0
2.15e-06	87.9	-999.0	-999.0
2e-06	19.0	-999.0	-999.0
3.1e-07	19.4	-999.0	-999.0
2.38e-06	156.5	-999.0	-999.0
9.98e-07	96.0	-999.0	-999.0
5.95e-07	46.7	-999.0	-999.0
1.53e-05	8.8	-999.0	-999.0
9e-09	0.073	-999.0	-999.0
2.49e-06	58.9	-999.0	-999.0
3.67e-07	2.5	-999.0	-999.0
6.8e-08	5.4	-999.0	-999.0
8.22e-06	33.3	-999.0	-999.0
1.31e-06	152.5	-999.0	-999.0
1.08e-06	32.0	-999.0	-999.0
3.22e-06	95.6	-999.0	-999.0
6.36e-07	22.5	-999.0	-999.0
8.38e-07	24.8	-999.0	-999.0
0.000155	520.0	-999.0	-999.0
4.22e-05	40.0	2.4e-06	2.2
1.35e-06	51.0	2.2e-07	7.6
9.83e-05	47.0	7.7e-06	3.2
1.34e-05	22.0	1.7e-06	3.6
8.37e-05	74.0	6.4e-06	4.1
2.6e-07	1.3	7e-08	0.59
2e-07	2.0	7e-08	1.3
8.35e-06	87.0	5.3e-07	4.2
4.8e-05	9.0	3.7e-06	1.4
1.099e-05	38.0	9.1e-07	3.2
6.94e-05	32.0	4.9e-06	1.4
1.641e-05	57.0	9.6e-07	3.2
0.0001073	129.0	5.9e-06	1.4
0.0001913	61.0	1.05e-05	2.8
1.46e-05	76.0	2.6e-06	10.2
1.86e-06	42.0	2.6e-07	22.1
1.41e-06	22.0	1.5e-07	4.5
1.65e-06	14.0	1.5e-07	3.6
8.29e-06	56.0	5.5e-07	3.2
