1.36	6.272	12.857	0.143
2.627	91.394	95.582	0.724
1.847	16.384	16.384	1.28
2.823	44.288	44.288	1.864
0.42	0.62	0.62	-999.0
1.898	6.4	7.703	0.389
3.315	61.441	61.441	2.111
0.95	109.826	113.245	0.81
4.61	13.374	14.318	0.602
3.55	105.472	105.472	2.757
4.01	117.955	117.955	3.84
2.674	19.456	21.447	0.362
1.137	0.128	0.226	0.181
2.702	1.408	1.554	0.802
2.82	6.848	7.048	0.668
1.411	165.635	186.954	1.28
1.072	13.312	14.178	0.362
2.79	16.384	16.988	1.557
4.2	123.906	128.124	2.29
0.977	30.86	30.86	-999.0
2.61	32.001	33.541	0.81
1.234	88.577	108.86	0.923
1.46	271.108	273.114	2.611
0.659	3.968	6.205	0.091
0.238	1.92	2.522	0.326
0.3965	36.126	38.928	0.586
2.695	160.67	566.841	-999.0
0.0579	1.408	1.408	1.154
0.416	94.978	182.566	3.557
1.833	82.176	82.176	4.128
6.782	37.633	66.93	2.828
0.15	5.376	5.376	2.919
0.824	47.105	51.322	0.362
0.68	54.017	99.77	0.362
2.305	16.128	27.94	0.572
3.13	7.47	7.47	-999.0
0.8304	5.76	41.63	0.572
0.257	0.67	0.744	-999.0
1.39	34.08	34.08	-999.0
0.0647	0.048	0.048	2.416
2.42	9.981	11.357	0.64
0.36	3.264	3.698	0.091
0.09	18.88	20.44	1.619
1.664	38.05	38.05	-999.0
0.065	34.561	37.473	0.572
0.4703	2.3	2.3	-999.0
2.142	216.068	219.396	0.572
3.81	41.0	41.0	-999.0
2.694	4.864	5.027	2.828
4.06	8.98	8.98	-999.0
0.151	325.831	4266.4	6.785
3.084	136.706	181.593	1.28
1.2049	57.0	57.0	-999.0
0.857	10.496	13.121	0.362
5.6	13.568	14.871	3.899
0.53	0.448	0.941	0.466
4.961	49.81	49.81	-999.0
1.246	33.025	34.72	0.572
4.618	128.259	173.36	15.792
0.228	83.79	83.79	-999.0
0.108	34.305	51.37	0.572
2.272	3.73	3.73	-999.0
1.1137	603.5	603.5	-999.0
0.6607	1.3	1.3	-999.0
0.39	79.874	134.321	0.572
0.64	123.906	128.334	0.362
0.2411	0.16	0.16	-999.0
0.05	19.712	20.385	1.145
1.736	180.8	180.8	-999.0
1.2525	25.857	27.852	5.278
0.35	0.39	0.39	-999.0
1.145	61.953	61.953	11.337
1.27	4.672	8.766	0.181
1.937	54.785	60.9	0.572
1.13	55.041	91.33	0.724
3.54	8.192	17.199	2.064
3.54	11.008	11.008	5.184
2.486	3.06	3.06	-999.0
0.221	1.344	1.982	0.792
2.077	135.06	135.06	-999.0
1.4	158.8	158.8	-999.0
2.826	12.8	12.8	-999.0
0.42	0.96	4.692	0.781
1.487	8.21	8.21	-999.0
2.198	12.82	12.82	-999.0
0.715	6.6	6.6	-999.0
1.171	206.852	243.349	2.29
2.0	107.6	107.6	-999.0
0.92	31.745	33.123	0.572
1.046	0.144	0.439	0.066
5.7	44.5	44.5	-999.0
1.1	29.953	54.0	0.572
1.105	40.448	40.448	4.048
1.954	8.66	8.66	-999.0
0.999	5.0	5.0	-999.0
1.07	35.328	35.328	2.202
0.804	15.872	18.505	0.362
2.903	21.504	25.834	3.114
0.426	9.78	9.78	-999.0
4.56	36.2	36.2	-999.0
1.25	6.912	92.38	0.362
0.7481	1.136	1.739	0.132
0.73	30.464	30.464	2.919
1.2268	478.026	481.888	3.168
1.256	37.761	38.465	6.209
1.148	48.0	51.353	-999.0
0.248	64.35	64.35	-999.0
1.722	25.088	25.088	4.352
3.503	37.7	37.7	-999.0
0.0785	59.393	109.8	0.572
2.469	175.62	185.7	3.083
1.942	1.6	1.6	-999.0
1.1715	26.881	44.645	9.941
0.42	116.354	362.159	2.563
3.3765	66.6	66.6	-999.0
1.859	76.8	76.8	-999.0
2.4	15.31	15.31	-999.0
1.505	138.4	138.4	-999.0
2.938	15.104	238.0	0.572
1.39	9.728	16.713	2.187
0.58	64.0	64.0	-999.0
0.117	6.4	18.917	0.362
0.654	48.897	53.903	0.362
0.6678	20.736	22.767	1.557
2.855	486.4	486.4	-999.0
1.1175	46.721	200.257	1.332
1.305	134.3	134.3	-999.0
1.0	35.2	35.2	-999.0
1.998	210.0	210.0	-999.0
2.25	94.1	94.1	-999.0
1.445	22.016	62.302	0.572
1.409	15.36	21.199	1.448
2.487	40.9	40.9	-999.0
2.409	80.384	174.8	4.615
0.0368	189.4	189.4	-999.0
1.87	41.9	41.9	-999.0
0.3293	107.266	124.482	0.81
0.886	25.6	29.947	1.493
0.0093	2.048	2.048	0.466
2.01	22.781	217.3	1.377
0.557	20.928	20.928	2.096
1.329	26.7	26.7	-999.0
2.366	164.13	164.13	-999.0
0.818	216.4	216.4	-999.0
0.454	0.2	3.481	-999.0
3.51	78.593	189.814	0.572
2.53	122.882	136.43	0.724
3.645	46.2	46.2	-999.0
1.968	49.152	50.166	4.136
0.1475	6.94	26.632	-999.0
0.645	36.096	42.432	0.724
1.549	122.178	130.343	0.659
1.159	105.1	105.1	-999.0
2.013	37.888	218.492	10.861
2.823	36.609	36.609	1.493
0.891	2.24	2.83	0.232
0.16	1.088	1.357	0.977
0.736	131.586	169.935	21.723
1.5	44.4	44.4	-999.0
3.332	64.769	76.379	0.923
1.406	453.385	642.831	0.572
0.483	0.384	0.481	0.405
0.367	107.776	163.128	8.693
1.17	369.67	377.862	0.81
0.555	304.58	304.58	-999.0
1.717	8.2	8.2	-999.0
4.99	28.0	28.0	-999.0
0.726	8.73	8.73	-999.0
1.165	5.0	5.0	-999.0
1.64	98.36	98.36	-999.0
2.38	316.5	316.5	-999.0
3.52	20.2	20.2	-999.0
0.971	325.0	325.0	-999.0
1.96	12.0	12.0	-999.0
2.8	8.704	16.564	2.896
2.59	17.8	17.8	-999.0
4.1	19.32	19.32	-999.0
3.5	46.336	79.902	4.382
1.167	5.0	5.0	-999.0
1.423	8.95	8.95	-999.0
4.063	80.0	80.0	-999.0
0.81	123.394	129.69	1.145
2.33	110.2	125.665	-999.0
1.968	164.7	164.7	-999.0
1.359	112.2	112.2	-999.0
0.755	103.426	172.1	5.753
0.282	123.3	123.3	-999.0
0.313	49.409	95.188	3.974
0.807	10.813	11.038	1.072
1.0	91.0	91.0	-999.0
1.394	0.22	0.22	-999.0
3.139	263.6	263.6	-999.0
2.06	22.272	45.95	0.81
0.593	149.6	149.6	-999.0
1.758	10.688	40.79	0.143
1.5169	13.312	13.569	1.557
2.087	83.2	83.2	-999.0
3.5	24.3	24.3	-999.0
0.46	3.328	3.693	1.382
0.134	0.08	34.532	0.928
0.915	56.32	62.625	4.891
1.452	23.808	44.388	1.717
1.3195	7.616	7.62	0.923
0.615	0.3	0.3	-999.0
1.47	549.9	1419.9	-999.0
0.108	4.352	4.842	0.572
2.993	200.0	200.0	-999.0
2.33	31.489	38.148	2.429
3.35	146.0	146.0	-999.0
0.571	2.56	3.92	0.607
1.21	35.841	85.893	5.473
0.0838	37.633	37.633	9.691
0.351	0.3	0.3	-999.0
0.483	77.568	77.568	2.064
3.29	4.477	5.834	0.362
1.32	7.168	7.936	0.572
0.558	3.52	3.52	-999.0
3.14	83.969	84.737	2.996
2.275	42.0	42.0	-999.0
1.92	111.104	111.104	3.999
0.959	0.13	0.13	-999.0
2.04	45.825	45.825	12.13
4.233	720.0	720.0	-999.0
0.384	22.784	24.133	2.064
4.707	60.5	60.5	-999.0
6.32	23.4	23.4	-999.0
0.725	147.97	161.3	2.36
2.4	23.2	23.2	-999.0
1.0285	44.288	47.104	0.231
0.889	64.128	114.191	2.005
1.6	173.6	173.6	-999.0
4.7	17.42	17.42	-999.0
3.26	95.233	155.02	11.585
3.956	94.7	94.7	-999.0
4.0	7.68	7.898	3.367
4.65	209.0	209.0	-999.0
1.02	8.43	8.43	-999.0
4.952	71.4	71.4	-999.0
5.283	31.232	31.232	8.719
1.416	31.0	31.0	-999.0
1.2076	18.624	64.652	0.716
2.73	27.264	93.6	1.243
3.0	139.7	139.7	-999.0
0.6	91.393	94.0	2.36
0.642	31.232	44.547	0.572
5.3	18.0	18.0	-999.0
7.5	19.968	32.901	7.748
4.042	11.0	11.0	-999.0
2.4	18.176	21.308	0.572
1.686	112.642	124.629	0.462
0.599	17.3	17.3	-999.0
1.293	41.1	41.289	-999.0
1.874	77.057	77.057	2.996
0.717	1.152	1.642	0.59
0.347	6.4	215.555	2.429
0.4791	32.5	32.5	-999.0
0.145	58.881	59.728	6.192
1.155	4.38	5.219	-999.0
2.006	7.424	7.424	6.192
2.092	21.76	51.458	1.639
5.91	276.58	276.58	-999.0
1.06	37.7	37.7	-999.0
0.356	0.18	0.18	-999.0
2.489	48.577	59.022	0.916
3.6	204.0	204.0	-999.0
1.3033	5.43	5.43	-999.0
2.27	88.0	88.962	-999.0
2.78	27.0	27.0	-999.0
0.34	138.242	213.83	3.238
1.297	104.962	156.238	8.809
3.758	28.0	28.0	-999.0
0.597	143.746	143.746	13.029
4.3	25.1	25.1	-999.0
2.539	4.3	4.3	-999.0
0.8	828.672	850.845	11.363
1.023	5.632	183.482	1.717
2.1	42.7	42.7	-999.0
3.385	85.0	85.0	-999.0
2.2	17.344	30.535	0.923
2.7	102.338	317.0	31.849
0.1126	242.436	448.125	4.404
1.773	62.6	62.6	-999.0
2.298	69.0	69.0	-999.0
0.58	65.793	80.6	4.382
7.8	27.2	27.2	-999.0
3.1	182.275	185.192	19.777
3.93	112.066	112.066	10.419
0.97	5.76	17.309	1.778
2.358	9.7	9.7	-999.0
2.671	14.336	30.876	6.557
3.1	48.0	48.0	-999.0
3.796	50.0	50.0	-999.0
0.8	25.472	73.859	2.612
1.48	72.8	72.8	-999.0
0.9586	42.4	42.4	-999.0
2.486	226.048	226.304	1.056
0.3984	159.0	159.0	-999.0
4.15	22.528	22.528	5.431
1.8037	44.033	111.792	0.724
1.405	40.96	42.489	4.238
1.3487	271.364	271.364	4.58
6.0	26.7	26.7	-999.0
0.283	5.35	5.35	-999.0
2.876	38.7	38.7	-999.0
2.8115	62.9	62.9	-999.0
1.798	11.776	69.6	1.81
0.7	80.384	81.154	16.927
1.1	8.13	8.13	-999.0
2.4	61.7	61.7	-999.0
1.728	55.297	258.95	6.229
2.943	37.825	37.825	12.586
1.3805	25.4	25.4	-999.0
0.714	99.842	102.806	2.111
0.297	106.8	106.8	-999.0
1.0796	7.6	7.6	-999.0
3.1516	290.0	290.0	-999.0
2.211	0.432	1.397	0.082
2.893	12.032	26.652	0.923
5.0	63.46	63.46	-999.0
0.0131	26.0	26.0	-999.0
3.36	67.073	107.763	3.916
1.348	48.0	48.0	-999.0
1.858	385.0	385.0	-999.0
2.83	7.485	39.8	0.572
1.036	5.2	5.2	-999.0
0.382	21.822	22.586	0.572
0.82	13.0	13.0	-999.0
1.613	10.0	13.138	-999.0
1.77	25.9	37.952	-999.0
1.46	34.305	66.496	1.639
2.22	257.0	257.0	-999.0
2.339	12.16	33.085	4.971
0.618	35.521	42.618	3.612
0.093	4.3	4.3	-999.0
0.4	1088.0	1088.0	-999.0
0.5519	51.009	66.778	1.775
0.718	0.6	0.6	-999.0
0.414	45.057	139.528	1.95
1.727	110.594	114.4	2.828
7.9	3.4	3.4	-999.0
4.5	428.8	428.8	-999.0
1.408	439.0	439.0	-999.0
0.8035	2.045	2.96	0.229
1.44	150.53	176.691	1.619
2.453	10.24	14.174	1.846
1.567	165.378	252.5	2.896
1.288	1.4	1.4	-999.0
3.6	171.523	201.701	2.673
0.386	0.036	0.036	-999.0
0.452	0.24	0.817	0.276
0.542	63.6	63.6	-999.0
1.398	37.377	39.068	0.979
4.772	84.0	84.0	-999.0
0.5201	52.0	52.0	-999.0
1.755	37.0	37.0	-999.0
2.465	104.0	104.0	-999.0
0.6235	7.0	7.0	-999.0
1.368	26.497	29.339	2.073
3.9	184.067	191.0	7.786
1.18	3.8	3.8	-999.0
3.155	7.0	7.0	-999.0
4.813	17.9	17.9	-999.0
4.6667	18.8	18.8	-999.0
0.038	0.192	0.315	0.143
0.604	48.0	48.0	-999.0
0.41	0.176	0.55	0.072
11.0	26.0	26.0	-999.0
0.92	0.256	0.855	0.834
1.063	12.48	14.9	5.018
0.49	8.701	9.187	0.571
3.076	48.0	48.0	-999.0
2.752	39.2	39.2	-999.0
1.092	93.954	115.4	5.221
1.71	24.256	38.367	7.973
0.971	4.4	4.4	-999.0
0.8969	20.224	22.84	0.362
1.37	0.512	2.2	0.231
1.24	64.001	129.175	1.557
2.1062	13.76	16.923	0.286
1.822	19.328	22.457	0.286
0.696	80.0	80.0	-999.0
2.452	66.7	66.7	-999.0
2.737	5.4	5.4	-999.0
2.71	67.0	67.0	-999.0
3.0	266.0	266.0	-999.0
8.5	89.0	89.0	-999.0
0.54	112.386	122.007	1.086
1.266	48.0	48.0	-999.0
3.875	74.177	75.663	5.177
4.1045	123.138	239.797	2.064
0.903	0.96	1.883	0.138
9.4	5.5	5.5	-999.0
2.609	1.2	1.2	-999.0
0.544	14.144	284.33	0.264
8.0	7.168	10.3	2.415
1.608	56.0	56.0	-999.0
0.088	0.072	0.072	-999.0
1.4485	310.0	310.0	-999.0
0.736	61.697	66.56	1.81
3.57	133.89	143.221	0.572
3.375	79.0	79.0	-999.0
4.6497	8.8	8.8	-999.0
2.1	83.0	84.725	-999.0
1.7493	17.408	17.408	3.238
1.547	26.624	41.154	0.81
3.8	3.0	3.0	-999.0
2.77	18.88	24.0	2.318
2.26	29.697	34.243	0.41
2.0631	146.0	146.0	-999.0
2.075	294.0	634.632	-999.0
2.512	41.985	43.775	8.51
2.58	67.0	67.0	-999.0
0.9787	58.369	200.497	5.221
3.8479	270.0	270.0	-999.0
3.038	260.0	260.0	-999.0
1.967	126.722	192.701	2.36
0.5295	10.0	131.0	-999.0
1.692	14.336	280.0	4.007
0.689	46.337	62.0	7.173
6.5675	8.0	8.0	-999.0
2.0	147.0	147.0	-999.0
2.374	105.984	131.277	6.802
0.1218	0.96	1.934	0.345
3.35	75.201	108.619	3.638
1.505	78.0	78.0	-999.0
2.2045	24.704	34.0	1.46
2.5987	16.2	21.273	-999.0
0.845	120.0	120.0	-999.0
1.23	27.1	27.1	-999.0
3.036	79.0	82.664	-999.0
1.6398	20.0	20.0	-999.0
1.416	82.0	82.0	-999.0
2.69	60.0	60.617	-999.0
1.8204	74.0	74.0	-999.0
1.545	2.8	2.8	-999.0
0.089	64.6	64.6	-999.0
3.2	5.8	5.8	-999.0
0.767	16.2	16.2	-999.0
1.1	8.0	8.0	-999.0
2.433	46.0	46.0	-999.0
1.03	56.0	56.0	-999.0
1.51	61.0	61.0	-999.0
1.78	128.4	128.4	-999.0
1.95	34.0	34.0	-999.0
2.0265	64.0	64.0	-999.0
2.42	365.0	365.0	-999.0
2.641	45.0	45.0	-999.0
2.0858	340.0	340.0	-999.0
4.349	48.0	48.0	-999.0
0.046	0.7	0.7	-999.0
0.383	1.8	1.8	-999.0
1.14	68.7	68.7	-999.0
1.331	6.6	6.6	-999.0
0.823	15.0	15.0	-999.0
2.692	180.0	180.0	-999.0
0.94	55.0	55.0	-999.0
5.2	109.0	109.0	-999.0
2.452	225.0	225.0	-999.0
2.145	4.2	4.2	-999.0
0.98	6.0	6.0	-999.0
1.3522	150.0	150.0	-999.0
2.17	11.0	11.0	-999.0
2.45	16.4	16.4	-999.0
0.457	0.4	0.4	-999.0
3.626	340.0	340.0	-999.0
0.92	64.0	64.0	-999.0
0.617	368.8	368.8	-999.0
2.04	12.2	12.2	-999.0
2.4996	109.2	109.2	-999.0
1.3197	37.9	37.9	-999.0
0.82	20.9	20.9	-999.0
2.31	4.3	4.3	-999.0
0.904	0.47	0.47	-999.0
1.9591	236.4	236.4	-999.0
0.97	115.6	115.6	-999.0
2.954	121.5	121.5	-999.0
2.0627	75.3	75.3	-999.0
0.836	74.6	74.6	-999.0
1.4965	209.5	209.5	-999.0
1.9922	34.5	34.5	-999.0
1.6295	88.5	88.5	-999.0
1.165	47.7	47.7	-999.0
2.3384	460.6	460.6	-999.0
2.352	88.4	88.4	-999.0
2.6208	18.6	18.6	-999.0
3.355	40.0	40.0	-999.0
2.088	71.4	71.4	-999.0
0.827	0.21	0.21	-999.0
0.4097	85.3	85.3	-999.0
2.2543	91.2	91.2	-999.0
0.111	0.76	0.76	-999.0
1.1588	70.8	70.8	-999.0
1.314	81.3	81.3	-999.0
3.44	134.0	134.0	-999.0
0.758	40.7	40.7	-999.0
0.3463	46.2	46.2	-999.0
1.261	75.3	75.3	-999.0
0.4377	129.9	129.9	-999.0
5.535	22.5	22.5	-999.0
3.204	8.0	8.0	-999.0
1.5094	8.6	8.6	-999.0
0.937	5.0	5.0	-999.0
1.8836	19.3	19.3	-999.0
3.6855	43.5	43.5	-999.0
0.703	171.5	171.5	-999.0
1.3815	145.3	145.3	-999.0
2.3633	5.3	5.3	-999.0
1.131	0.49	0.49	-999.0
0.54	115.3	115.3	-999.0
1.532	66.9	66.9	-999.0
2.7105	115.0	115.0	-999.0
2.11	10.2	10.2	-999.0
3.4275	66.2	66.2	-999.0
0.1275	108.7	108.7	-999.0
3.0785	102.2	102.2	-999.0
3.79	79.1	79.1	-999.0
2.1357	95.0	95.0	-999.0
0.787	75.0	75.0	-999.0
3.2155	298.2	298.2	-999.0
5.11	71.1	71.1	-999.0
1.2714	8.5	8.5	-999.0
4.92	275.2	275.2	-999.0
0.089	4.0	4.0	-999.0
0.287	0.131	0.131	-999.0
1.51	28.4	28.4	-999.0
1.4895	103.1	103.1	-999.0
1.172	10.6	10.6	-999.0
1.559	61.2	61.2	-999.0
4.41	11.3	11.3	-999.0
0.0331	2100.0	2100.0	-999.0
3.91	255.0	255.0	-999.0
4.0465	7.6	7.6	-999.0
2.3393	139.4	139.4	-999.0
0.783	198.9	198.9	-999.0
2.298	750.0	750.0	-999.0
0.8295	900.0	900.0	-999.0
4.0	105.9	105.9	-999.0
3.53	139.6	139.6	-999.0
2.32	13.2	13.2	-999.0
2.03	14.3	14.3	-999.0
0.5468	1.4	1.4	-999.0
0.481	9.0	9.0	-999.0
1.5495	46.1	46.1	-999.0
0.08	14.3	14.3	-999.0
2.346	37.2	37.2	-999.0
0.9364	4.0	4.0	-999.0
1.059	34.8	34.8	-999.0
2.4296	189.1	189.1	-999.0
2.198	4.5	4.5	-999.0
2.5273	52.0	52.0	-999.0
3.347	19.4	19.4	-999.0
6.145	174.2	174.2	-999.0
0.297	35.5	35.5	-999.0
0.83	22.6	22.6	-999.0
2.612	26.0	26.0	-999.0
2.5043	37.7	37.7	-999.0
5.535	150.9	150.9	-999.0
1.8	0.45	0.45	-999.0
0.422	87.9	87.9	-999.0
1.71	19.0	19.0	-999.0
1.38	19.4	19.4	-999.0
3.9678	156.5	156.5	-999.0
0.2575	96.0	96.0	-999.0
2.4383	46.7	46.7	-999.0
0.606	8.8	8.8	-999.0
0.2255	0.073	0.073	-999.0
4.27	58.9	58.9	-999.0
0.6535	2.5	2.5	-999.0
2.44	5.4	5.4	-999.0
2.9	33.3	33.3	-999.0
3.24	152.5	152.5	-999.0
1.44	32.0	32.0	-999.0
1.949	95.6	95.6	-999.0
0.5915	22.5	22.5	-999.0
1.29	24.8	24.8	-999.0
0.3	520.0	520.0	-999.0
0.69	40.0	40.0	2.2
2.14	51.0	51.0	7.6
0.36	47.0	47.0	3.2
0.45	22.0	22.0	3.6
1.477	74.0	74.0	4.1
2.066	1.3	1.3	0.59
1.118	2.0	4.5	1.3
2.03	87.0	87.0	4.2
0.8463	9.0	9.0	1.4
0.434	38.0	38.0	3.2
0.842	32.0	32.0	1.4
1.619	57.0	71.552	3.2
1.3	129.0	132.48	1.4
1.6	61.0	83.456	2.8
0.966	76.0	411.648	10.2
1.096	42.0	42.0	22.1
0.0085	22.0	22.0	4.5
3.42	6.0	6.0	3.2
0.835	14.0	23.104	3.6
0.695	56.0	56.0	3.2
